2.6
3.3
3.8
4.3
4.3
4.4
4.4
4.5
4.6
4.7
4.6
4.6
4.6
4.8
5.0
5.2
5.2
5.2
5.2
5.1
5.0
4.9
4.9
4.8
4.7
4.7
4.7
4.7
4.6
4.6
4.5
4.4
4.3
4.3
4.2
4.1
4.1
4.0
4.0
3.9
4.0
4.1
4.2
4.2
4.2
4.1
4.1
4.1
4.1
4.2
4.2
4.2
4.2
4.2
4.1
4.2
4.3
4.3
4.3
4.2
4.2
4.1
4.0
3.9
3.9
3.9
3.9
3.9
3.8
3.7
3.7
3.7
3.6
3.5
3.3
3.2
3.1
3.0
3.0
3.0
3.1
3.1
3.2
3.3
3.5
3.4
3.4
3.4
3.4
3.4
3.4
3.4
3.5
3.6
3.7
3.8
3.9
4.0
4.1
4.2
4.0
3.9
3.8
3.8
3.8
3.9
3.8
3.8
3.8
3.7
3.7
3.6
3.8
4.0
4.1
4.1
4.0
4.0
4.0
4.0
4.0
3.9
3.9
3.8
3.8
3.8
3.7
3.7
3.7
3.6
3.6
3.6
3.6
3.6
3.6
3.6
4.8
6.1
